-6.8197 -6.6895 1.2603
-9.1620 4.1480 0.6410
-0.0067 -0.0032 -0.0607
0.6151 -3.3984 -0.0257
-2.9925 3.3296 0.1903
0.0021 0.0011 0.0201
0.7343 -2.0639 0.0898
-2.7012 3.8055 0.0246
-0.0027 -0.0014 -0.0254
0.8468 -2.0557 -0.0361
-2.2378 4.1660 0.0676
0.0029 0.0015 0.0276
0.9736 -2.0118 0.0626
-1.7056 4.3549 -0.1090
-0.0029 -0.0015 -0.0275
1.0687 -1.9560 -0.0646
-1.1198 4.3643 -0.0615
0.0026 0.0013 0.0247
1.1707 -1.8652 0.0335
-0.5651 4.0173 -0.1572
0.0000 0.0000 -0.0000
1.1964 -1.7074 -0.0346
0.0004 0.0002 0.0037
0.0001 0.0000 0.0009
0.0007 0.0003 0.0062
22.5705 10.7997 -2.9900
-5.1892 -8.0205 1.2603
-9.8480 2.0410 0.6410
-0.0058 -0.0046 -0.0607
1.3444 -3.1812 -0.0257
-3.6490 2.5935 0.1903
0.0018 0.0015 0.0201
1.1698 -1.8522 0.0896
-3.4689 3.1217 0.0246
-0.0023 -0.0019 -0.0254
1.2777 -1.8195 -0.0362
-3.0958 3.5749 0.0676
0.0025 0.0021 0.0276
1.3914 -1.7490 0.0625
-2.6180 3.8756 -0.1089
-0.0025 -0.0021 -0.0275
1.4705 -1.6750 -0.0645
-2.0483 4.0132 -0.0616
0.0022 0.0019 0.0247
1.5501 -1.5641 0.0336
-1.4311 3.7961 -0.1572
0.0000 -0.0000 -0.0000
1.5412 -1.4040 -0.0346
0.0003 0.0003 0.0037
0.0001 0.0001 0.0009
0.0006 0.0005 0.0062
19.6602 15.4781 -2.9900
-1.6545 -9.4084 1.2603
-9.8650 -1.9569 0.6410
-0.0036 -0.0065 -0.0607
2.4776 -2.4061 -0.0257
-4.3711 0.9670 0.1903
0.0011 0.0021 0.0201
1.7990 -1.2501 0.0896
-4.4110 1.5235 0.0246
-0.0014 -0.0027 -0.0254
1.8848 -1.1793 -0.0361
-4.2439 2.0863 0.0676
0.0015 0.0029 0.0276
1.9627 -1.0691 0.0625
-3.9210 2.5495 -0.1089
-0.0015 -0.0029 -0.0275
2.0070 -0.9695 -0.0646
-3.4500 2.8981 -0.0615
0.0013 0.0026 0.0247
2.0373 -0.8359 0.0335
-2.7969 2.9387 -0.1572
0.0000 0.0000 0.0000
1.9664 -0.6926 -0.0346
0.0002 0.0004 0.0037
0.0001 0.0001 0.0009
0.0003 0.0007 0.0062
12.0813 21.9115 -2.9900
2.3177 -9.2675 1.2603
-8.2147 -5.8023 0.6410
-0.0006 -0.0074 -0.0607
3.2423 -1.1895 -0.0257
-4.3862 -0.8957 0.1903
0.0001 0.0023 0.0201
2.1518 -0.4110 0.0897
-4.6493 -0.4034 0.0246
-0.0002 -0.0030 -0.0254
2.2016 -0.3098 -0.0361
-4.7256 0.1787 0.0676
0.0002 0.0032 0.0276
2.2279 -0.1782 0.0625
-4.6192 0.7333 -0.1090
-0.0002 -0.0032 -0.0275
2.2278 -0.0687 -0.0646
-4.3308 1.2433 -0.0616
0.0002 0.0029 0.0247
2.2012 0.0656 0.0335
-3.7508 1.5460 -0.1572
-0.0000 0.0000 0.0000
2.0781 0.1676 -0.0346
0.0000 0.0005 0.0038
0.0000 0.0001 0.0009
0.0000 0.0008 0.0064
2.1230 24.9284 -2.9900
3.7471 -8.7873 1.2603
-7.1994 -7.0226 0.6410
0.0005 -0.0074 -0.0607
3.3891 -0.6646 -0.0257
-4.1907 -1.5745 0.1902
-0.0002 0.0023 0.0201
2.1896 -0.0664 0.0896
-4.5279 -1.1300 0.0246
0.0003 -0.0030 -0.0254
2.2230 0.0394 -0.0360
-4.6948 -0.5672 0.0676
-0.0003 0.0032 0.0276
2.2282 0.1750 0.0625
-4.6770 -0.0029 -0.1089
0.0003 -0.0032 -0.0275
2.2109 0.2823 -0.0645
-4.4725 0.5462 -0.0615
-0.0003 0.0029 0.0247
2.1635 0.4107 0.0335
-3.9473 0.9365 -0.1572
-0.0000 0.0000 0.0000
2.0258 0.4926 -0.0346
-0.0000 0.0005 0.0039
-0.0000 0.0001 0.0009
-0.0001 0.0008 0.0065
-1.8245 24.9505 -2.9900
5.8966 -7.5158 1.2603
-5.1331 -8.6486 0.6410
0.0024 -0.0070 -0.0607
3.4455 0.2366 -0.0257
-3.6393 -2.6070 0.1902
-0.0008 0.0022 0.0201
2.1319 0.5038 0.0896
-4.0803 -2.2649 0.0246
0.0011 -0.0028 -0.0254
2.1361 0.6164 -0.0362
-4.3873 -1.7648 0.0676
-0.0011 0.0030 0.0276
2.1065 0.7469 0.0625
-4.5164 -1.2150 -0.1089
0.0011 -0.0030 -0.0275
2.0622 0.8457 -0.0645
-4.4612 -0.6315 -0.0616
-0.0010 0.0027 0.0247
1.9832 0.9571 0.0336
-4.0552 -0.1186 -0.1572
0.0000 0.0000 0.0000
1.8289 1.0008 -0.0346
-0.0002 0.0004 0.0040
-0.0000 0.0001 0.0010
-0.0003 0.0007 0.0067
-8.2262 23.6227 -2.9900
8.6321 -4.0919 1.2603
-0.7311 -10.0306 0.6410
0.0054 -0.0052 -0.0607
2.9773 1.7502 -0.0257
-2.0921 -3.9578 0.1903
-0.0017 0.0016 0.0201
1.6834 1.4018 0.0897
-2.6395 -3.8486 0.0246
0.0022 -0.0020 -0.0254
1.6380 1.5033 -0.0359
-3.1377 -3.5381 0.0676
-0.0024 0.0022 0.0276
1.5516 1.6087 0.0625
-3.4987 -3.1038 -0.1089
0.0024 -0.0022 -0.0275
1.4673 1.6778 -0.0646
-3.7097 -2.5573 -0.0615
-0.0021 0.0020 0.0247
1.3472 1.7420 0.0336
-3.5755 -1.9168 -0.1572
0.0000 0.0000 0.0000
1.1896 1.7122 -0.0346
-0.0004 0.0003 0.0042
-0.0001 0.0001 0.0010
-0.0006 0.0006 0.0070
-17.9032 17.4603 -2.9900
9.3903 -1.7942 1.2603
1.7875 -9.8971 0.6410
0.0064 -0.0037 -0.0607
2.4482 2.4359 -0.0257
-1.0420 -4.3538 0.1902
-0.0021 0.0011 0.0201
1.2811 1.7770 0.0897
-1.5990 -4.3843 0.0246
0.0026 -0.0014 -0.0254
1.2104 1.8649 -0.0362
-2.1586 -4.2076 0.0676
-0.0028 0.0015 0.0276
1.1029 1.9439 0.0625
-2.6164 -3.8767 -0.1089
0.0029 -0.0015 -0.0275
1.0040 1.9900 -0.0645
-2.9568 -3.3998 -0.0616
-0.0026 0.0014 0.0247
0.8710 2.0225 0.0335
-2.9862 -2.7462 -0.1572
0.0000 0.0000 0.0000
0.7262 1.9543 -0.0346
-0.0005 0.0002 0.0044
-0.0001 0.0001 0.0011
-0.0008 0.0004 0.0073
-21.6815 12.4547 -2.9900
9.5528 -0.0324 1.2603
3.6041 -9.3893 0.6410
0.0070 -0.0024 -0.0607
1.9503 2.8502 -0.0257
-0.2107 -4.4718 0.1902
-0.0022 0.0007 0.0201
0.9267 1.9850 0.0896
-0.7522 -4.6057 0.0246
0.0029 -0.0009 -0.0254
0.8413 2.0580 -0.0362
-1.3351 -4.5366 0.0676
-0.0031 0.0010 0.0276
0.7201 2.1158 0.0625
-1.8465 -4.2971 -0.1089
0.0031 -0.0010 -0.0275
0.6141 2.1426 -0.0646
-2.2699 -3.8921 -0.0615
-0.0028 0.0009 0.0247
0.4784 2.1495 0.0336
-2.4209 -3.2554 -0.1572
-0.0000 0.0000 -0.0000
0.3485 2.0555 -0.0346
-0.0005 0.0002 0.0044
-0.0001 0.0000 0.0011
-0.0008 0.0003 0.0074
-23.6238 8.1855 -2.9900
9.3372 2.0183 1.2603
5.5349 -8.3971 0.6410
0.0074 -0.0009 -0.0607
1.2932 3.2024 -0.0257
0.7541 -4.4128 0.1903
-0.0023 0.0002 0.0201
0.4788 2.1377 0.0896
0.2535 -4.6598 0.0245
0.0030 -0.0003 -0.0254
0.3816 2.1903 -0.0360
-0.3306 -4.7174 0.0676
-0.0032 0.0003 0.0276
0.2486 2.2211 0.0624
-0.8815 -4.5932 -0.1090
0.0032 -0.0003 -0.0275
0.1400 2.2245 -0.0646
-1.3820 -4.2885 -0.0616
-0.0029 0.0003 0.0247
0.0052 2.2021 0.0335
-1.6659 -3.6991 -0.1572
0.0000 -0.0000 0.0000
-0.1007 2.0824 -0.0346
-0.0005 0.0000 0.0045
-0.0001 0.0000 0.0011
-0.0009 0.0001 0.0076
-24.8275 2.9238 -2.9900
8.9659 3.2969 1.2603
6.6487 -7.5460 0.6410
0.0074 0.0002 -0.0607
0.8354 3.3511 -0.0257
1.3604 -4.2650 0.1903
-0.0023 -0.0001 0.0201
0.1773 2.1835 0.0896
0.8990 -4.5793 0.0246
0.0030 0.0001 -0.0254
0.0718 2.2221 -0.0362
0.3285 -4.7176 0.0676
-0.0032 -0.0002 0.0276
-0.0619 2.2342 0.0625
-0.2341 -4.6711 -0.1089
0.0032 0.0002 -0.0275
-0.1702 2.2224 -0.0646
-0.7722 -4.4390 -0.0615
-0.0029 -0.0001 0.0247
-0.3014 2.1814 0.0334
-1.1354 -3.8948 -0.1572
0.0000 -0.0000 0.0000
-0.3892 2.0482 -0.0346
-0.0005 -0.0000 0.0046
-0.0001 -0.0000 0.0011
-0.0009 -0.0001 0.0076
-24.9914 -0.5581 -2.9900
8.5138 4.3328 1.2603
7.4934 -6.7079 0.6410
0.0074 0.0011 -0.0607
0.4338 3.4263 -0.0257
1.8545 -4.0746 0.1903
-0.0023 -0.0004 0.0201
-0.0822 2.1891 0.0896
1.4336 -4.4411 0.0246
0.0030 0.0005 -0.0254
-0.1904 2.2151 -0.0361
0.8834 -4.6457 0.0676
-0.0032 -0.0005 0.0276
-0.3260 2.2111 0.0624
0.3191 -4.6661 -0.1089
0.0032 0.0005 -0.0275
-0.4315 2.1867 -0.0646
-0.2425 -4.4992 -0.0615
-0.0029 -0.0005 0.0247
-0.5565 2.1306 0.0335
-0.6674 -4.0016 -0.1572
0.0000 0.0000 -0.0000
-0.6284 1.9879 -0.0346
-0.0005 -0.0001 0.0046
-0.0001 -0.0000 0.0011
-0.0003 0.0001 0.0078
-24.7493 -3.5069 -2.9900
7.6962 5.6590 1.2603
8.4841 -5.4007 0.6410
0.0071 0.0022 -0.0607
-0.1288 3.4512 -0.0257
2.4920 -3.7190 0.1902
-0.0022 -0.0008 0.0201
-0.4361 2.1468 0.0897
2.1365 -4.1489 0.0246
0.0028 0.0010 -0.0254
-0.5471 2.1549 -0.0360
1.6269 -4.4403 0.0676
-0.0031 -0.0010 0.0276
-0.6788 2.1294 0.0627
1.0734 -4.5522 -0.1089
0.0031 0.0010 -0.0275
-0.7820 2.0872 -0.0647
0.4921 -4.4787 -0.0615
-0.0027 -0.0009 0.0247
-0.8955 2.0119 0.0335
-0.0081 -4.0569 -0.1572
0.0000 0.0000 -0.0000
-0.9432 1.8593 -0.0346
-0.0005 -0.0002 0.0047
-0.0001 -0.0000 0.0011
-0.0009 -0.0003 0.0078
-23.8485 -7.4845 -2.9900
6.8275 6.6815 1.2603
9.1571 -4.1588 0.6410
0.0067 0.0032 -0.0607
-0.6111 3.3992 -0.0257
2.9884 -3.3333 0.1902
-0.0021 -0.0011 0.0201
-0.7325 2.0645 0.0897
2.6965 -3.8088 0.0245
0.0027 0.0014 -0.0254
-0.8444 2.0567 -0.0361
2.2328 -4.1687 0.0676
-0.0029 -0.0015 0.0276
-0.9719 2.0126 0.0625
1.7006 -4.3568 -0.1089
0.0029 0.0015 -0.0275
-1.0657 1.9576 -0.0645
1.1147 -4.3656 -0.0615
-0.0026 -0.0013 0.0247
-1.1685 1.8665 0.0335
0.5603 -4.0180 -0.1572
0.0000 0.0000 -0.0000
-1.1944 1.7088 -0.0346
-0.0005 -0.0003 0.0047
-0.0001 -0.0001 0.0011
-0.0008 -0.0004 0.0078
-22.5631 -10.7532 -2.9900
5.2456 7.9837 1.2603
9.8333 -2.1104 0.6410
0.0059 0.0046 -0.0607
-1.3219 3.1906 -0.0257
3.6307 -2.6190 0.1903
-0.0018 -0.0015 0.0201
-1.1563 1.8606 0.0897
3.4469 -3.1460 0.0246
0.0023 0.0019 -0.0254
-1.2635 1.8293 -0.0361
3.0704 -3.5966 0.0676
-0.0025 -0.0021 0.0276
-1.3788 1.7591 0.0625
2.5906 -3.8940 -0.1089
0.0025 0.0021 -0.0275
-1.4595 1.6845 -0.0647
2.0200 -4.0275 -0.0616
-0.0022 -0.0018 0.0247
-1.5396 1.5744 0.0335
1.4043 -3.8061 -0.1572
0.0000 0.0000 0.0000
-1.5313 1.4148 -0.0346
-0.0004 -0.0004 0.0047
-0.0001 -0.0001 0.0011
-0.0007 -0.0006 0.0079
-19.7486 -15.3195 -2.9900
3.1113 9.0319 1.2603
10.0499 0.3835 0.6410
0.0045 0.0059 -0.0607
-2.0690 2.7653 -0.0257
4.1649 -1.6416 0.1902
-0.0014 -0.0019 0.0201
-1.5798 1.5176 0.0897
4.1170 -2.1975 0.0245
0.0018 0.0024 -0.0254
-1.6762 1.4606 -0.0361
3.8636 -2.7269 0.0676
-0.0019 -0.0026 0.0276
-1.7703 1.3643 0.0625
3.4720 -3.1336 -0.1089
0.0019 0.0026 -0.0275
-1.8297 1.2729 -0.0645
2.9521 -3.4038 -0.0615
-0.0017 -0.0023 0.0247
-1.8810 1.1451 0.0334
2.3008 -3.3414 -0.1572
0.0000 -0.0000 0.0000
-1.8333 0.9928 -0.0346
-0.0003 -0.0005 0.0047
-0.0001 -0.0001 0.0011
-0.0006 -0.0007 0.0079
-15.3507 -19.7243 -2.9900
1.2916 9.4651 1.2603
9.7825 2.3347 0.6410
0.0033 0.0067 -0.0607
-2.5682 2.3090 -0.0257
4.4050 -0.7982 0.1903
-0.0010 -0.0022 0.0201
-1.8448 1.1814 0.0898
4.4663 -1.3529 0.0246
0.0013 0.0027 -0.0254
-1.9291 1.1053 -0.0362
4.3210 -1.9215 0.0676
-0.0014 -0.0029 0.0276
-2.0026 0.9925 0.0625
4.0161 -2.3969 -0.1089
0.0014 0.0029 -0.0275
-2.0433 0.8905 -0.0647
3.5589 -2.7633 -0.0615
-0.0012 -0.0026 0.0247
-2.0682 0.7562 0.0334
2.9078 -2.8289 -0.1572
0.0000 -0.0000 0.0000
-1.9916 0.6165 -0.0346
-0.0002 -0.0005 0.0047
-0.0001 -0.0001 0.0011
-0.0004 -0.0009 0.0078
-11.2105 -22.3394 -2.9900
-1.8761 9.3668 1.2603
8.4804 5.4067 0.6411
0.0010 0.0074 -0.0607
-3.1823 1.3418 -0.0257
4.4238 0.6867 0.1902
-0.0003 -0.0024 0.0201
-2.1300 0.5121 0.0897
4.6632 0.1825 0.0245
0.0003 0.0030 -0.0254
-2.1844 0.4141 -0.0361
4.7118 -0.4023 0.0676
-0.0003 -0.0032 0.0276
-2.2169 0.2840 0.0626
4.5793 -0.9511 -0.1089
0.0003 0.0032 -0.0275
-2.2221 0.1738 -0.0646
4.2671 -1.4469 -0.0615
-0.0003 -0.0029 0.0247
-2.2018 0.0384 0.0334
3.6733 -1.7219 -0.1572
0.0000 -0.0000 0.0000
-2.0837 -0.0690 -0.0346
-0.0001 -0.0005 0.0046
-0.0000 -0.0001 0.0011
-0.0001 -0.0009 0.0077
-3.2815 -24.7803 -2.9900
-4.5462 8.4017 1.2603
6.5168 7.6603 0.6410
-0.0012 0.0074 -0.0607
-3.4361 0.3472 -0.0257
4.0265 1.9566 0.1902
0.0005 -0.0023 0.0201
-2.1864 -0.1358 0.0898
4.4035 1.5452 0.0246
-0.0006 0.0029 -0.0254
-2.2097 -0.2462 -0.0361
4.6219 1.0005 0.0676
0.0006 -0.0032 0.0276
-2.2024 -0.3806 0.0625
4.6566 0.4366 -0.1090
-0.0006 0.0032 -0.0275
-2.1753 -0.4859 -0.0645
4.5039 -0.1289 -0.0615
0.0006 -0.0028 0.0247
-2.1158 -0.6105 0.0334
4.0172 -0.5663 -0.1572
0.0000 0.0000 0.0000
-1.9714 -0.6784 -0.0346
0.0001 -0.0005 0.0045
0.0000 -0.0001 0.0011
0.0002 -0.0009 0.0075
4.1500 -24.6528 -2.9900
-6.5699 6.9450 1.2603
4.3353 9.0749 0.6410
-0.0031 0.0067 -0.0607
-3.4103 -0.5453 -0.0257
3.3905 2.9233 0.1902
0.0010 -0.0021 0.0201
-2.0778 -0.6941 0.0895
3.8602 2.6224 0.0246
-0.0013 0.0027 -0.0254
-2.0724 -0.8051 -0.0362
4.2111 2.1518 0.0676
0.0014 -0.0029 0.0276
-2.0309 -0.9332 0.0625
4.3890 1.6158 -0.1090
-0.0014 0.0029 -0.0275
-1.9777 -1.0279 -0.0646
4.3864 1.0299 -0.0616
0.0013 -0.0026 0.0247
-1.8890 -1.1318 0.0335
4.0281 0.4824 -0.1572
0.0000 -0.0000 0.0000
-1.7316 -1.1611 -0.0346
0.0002 -0.0005 0.0044
0.0001 -0.0001 0.0011
0.0003 -0.0008 0.0073
10.3339 -22.7674 -2.9900
-7.3971 6.0448 1.2603
3.1182 9.5616 0.6410
-0.0039 0.0063 -0.0607
-3.3104 -0.9842 -0.0257
2.9814 3.3395 0.1902
0.0013 -0.0020 0.0201
-1.9701 -0.9580 0.0896
3.4864 3.1022 0.0246
-0.0016 0.0025 -0.0254
-1.9502 -1.0675 -0.0361
3.8954 2.6812 0.0676
0.0018 -0.0027 0.0276
-1.8923 -1.1894 0.0625
4.1415 2.1731 -0.1089
-0.0018 0.0027 -0.0275
-1.8270 -1.2767 -0.0646
4.2152 1.5917 -0.0615
0.0016 -0.0024 0.0247
-1.7255 -1.3682 0.0335
3.9312 1.0023 -0.1572
0.0000 0.0000 0.0000
-1.5659 -1.3764 -0.0346
0.0003 -0.0004 0.0043
0.0001 -0.0001 0.0010
0.0005 -0.0007 0.0072
13.2087 -21.2312 -2.9900
-8.8691 3.5491 1.2603
0.1080 10.0567 0.6410
-0.0056 0.0048 -0.0607
-2.8631 -1.9314 -0.0257
1.8431 4.0798 0.1902
0.0018 -0.0015 0.0201
-1.5933 -1.5034 0.0897
2.3958 4.0048 0.0246
-0.0023 0.0019 -0.0254
-1.5408 -1.6028 -0.0361
2.9124 3.7257 0.0676
0.0025 -0.0020 0.0276
-1.4492 -1.7015 0.0625
3.2996 3.3146 -0.1090
-0.0025 0.0020 -0.0275
-1.3604 -1.7656 -0.0646
3.5441 2.7822 -0.0615
0.0022 -0.0018 0.0247
-1.2356 -1.8228 0.0334
3.4498 2.1348 -0.1572
0.0000 0.0000 0.0000
-1.0812 -1.7826 -0.0346
0.0004 -0.0003 0.0041
0.0001 -0.0001 0.0010
0.0006 -0.0005 0.0069
18.9699 -16.2970 -2.9900
-9.2615 2.3412 1.2603
-1.2270 9.9821 0.6410
-0.0062 0.0041 -0.0607
-2.5816 -2.2941 -0.0257
1.2851 4.2883 0.1903
0.0020 -0.0013 0.0201
-1.3789 -1.7023 0.0896
1.8435 4.2872 0.0246
-0.0025 0.0016 -0.0254
-1.3142 -1.7933 -0.0361
2.3923 4.0792 0.0676
0.0028 -0.0017 0.0276
-1.2101 -1.8791 0.0625
2.8307 3.7231 -0.1089
-0.0028 0.0017 -0.0275
-1.1142 -1.9304 -0.0646
3.1437 3.2278 -0.0615
0.0025 -0.0015 0.0247
-0.9836 -1.9702 0.0335
3.1362 2.5735 -0.1572
-0.0000 0.0000 0.0000
-0.8352 -1.9103 -0.0346
0.0004 -0.0003 0.0041
0.0001 -0.0001 0.0010
0.0007 -0.0005 0.0068
20.9655 -13.6377 -2.9900
-9.4955 1.0445 1.2603
-2.5888 9.7183 0.6410
-0.0067 0.0032 -0.0607
-2.2414 -2.6275 -0.0257
0.6831 4.4243 0.1903
0.0022 -0.0010 0.0201
-1.1322 -1.8754 0.0897
1.2362 4.5001 0.0246
-0.0027 0.0012 -0.0254
-1.0553 -1.9569 -0.0361
1.8085 4.3695 0.0676
0.0030 -0.0013 0.0276
-0.9403 -2.0275 0.0625
2.2914 4.0772 -0.1089
-0.0030 0.0013 -0.0275
-0.8383 -2.0652 -0.0645
2.6698 3.6295 -0.0616
0.0027 -0.0012 0.0247
-0.7028 -2.0870 0.0335
2.7522 2.9806 -0.1572
0.0000 0.0000 0.0000
-0.5644 -2.0070 -0.0346
0.0004 -0.0002 0.0040
0.0001 -0.0000 0.0010
0.0007 -0.0004 0.0067
22.6440 -10.6246 -2.9900
-9.5330 -0.6155 1.2603
-4.2325 9.1233 0.6410
-0.0072 0.0020 -0.0607
-1.7525 -2.9759 -0.0257
-0.0933 4.4758 0.1903
0.0023 -0.0006 0.0201
-0.7908 -2.0429 0.0897
0.4380 4.6461 0.0246
-0.0029 0.0007 -0.0254
-0.6991 -2.1105 -0.0362
1.0245 4.6167 0.0676
0.0031 -0.0008 0.0276
-0.5751 -2.1597 0.0625
1.5510 4.4123 -0.1090
-0.0031 0.0008 -0.0275
-0.4677 -2.1793 -0.0646
2.0009 4.0370 -0.0616
0.0028 -0.0007 0.0247
-0.3312 -2.1771 0.0335
2.1945 3.4121 -0.1572
0.0000 0.0000 0.0000
-0.2083 -2.0744 -0.0346
0.0005 -0.0001 0.0039
0.0001 -0.0000 0.0010
0.0008 -0.0002 0.0066
24.1436 -6.5447 -2.9900
-8.8503 -3.5956 1.2603
-6.8979 7.3189 0.6410
-0.0074 -0.0004 -0.0607
-0.7227 -3.3772 -0.0257
-1.5026 4.2171 0.1903
0.0023 0.0002 0.0201
-0.1053 -2.1881 0.0898
-1.0519 4.5466 0.0245
-0.0030 -0.0002 -0.0254
0.0023 -2.2233 -0.0361
-0.4865 4.7039 0.0676
0.0032 0.0003 0.0276
0.1355 -2.2309 0.0626
0.0775 4.6764 -0.1089
-0.0032 -0.0003 -0.0275
0.2458 -2.2153 -0.0647
0.6229 4.4624 -0.0615
0.0029 0.0002 0.0247
0.3739 -2.1701 0.0335
1.0042 3.9306 -0.1572
0.0000 -0.0000 -0.0000
0.4577 -2.0340 -0.0346
0.0005 0.0000 0.0038
0.0001 0.0000 0.0009
0.0008 0.0001 0.0064
24.9784 1.4151 -2.9900
-8.1312 -5.0141 1.2603
-8.0165 6.0731 0.6410
-0.0073 -0.0017 -0.0607
-0.1523 -3.4503 -0.0257
-2.1811 3.9095 0.1902
0.0023 0.0006 0.0201
0.2596 -2.1752 0.0897
-1.7919 4.3090 0.0246
-0.0029 -0.0007 -0.0254
0.3719 -2.1920 -0.0362
-1.2600 4.5580 0.0676
0.0031 0.0008 0.0276
0.5050 -2.1772 0.0625
-0.6994 4.6244 -0.1089
-0.0031 -0.0008 -0.0275
0.6088 -2.1441 -0.0646
-0.1260 4.5039 -0.0615
0.0028 0.0007 0.0247
0.7288 -2.0780 0.0335
0.3382 4.0428 -0.1572
0.0000 0.0000 0.0000
0.7888 -1.9299 -0.0346
0.0004 0.0001 0.0038
0.0001 0.0000 0.0009
0.0007 0.0002 0.0063
24.3992 5.5383 -2.9900
