77 403
94 394
89 405
85 416
111 396
104 412
97 428
128 398
119 419
110 440
144 400
133 425
122 451
161 402
148 432
135 463
179 404
163 440
148 476
196 406
179 447
162 488
213 408
194 450
176 493
230 411
211 453
192 496
243 421
225 460
207 500
256 430
239 467
223 504
268 438
252 472
237 507
281 447
267 478
253 510
294 457
281 485
269 514
307 466
295 491
284 517
320 475
309 498
299 521
332 484
323 504
314 524
346 493
338 510
330 528
359 503
352 517
346 532
371 511
365 523
360 535
384 520
380 529
376 539
397 529
394 535
391 542
410 539
408 542
407 546
426 550
