 27 105  70 0
 27 106  70 0
 28 107  71 0
 29 107  72 0
 30 108  72 0
 30 109  73 0
 31 110  74 0
 32 111  74 0
 33 112  75 0
 34 112  76 0
 35 113  76 0
 36 114  77 0
 37 113  77 0
 38 114  77 0
 39 115  78 0
 40 115  79 0
 41 116  79 0
 42 117  80 0
 43 116  80 0
 43 117  80 0
 44 118  81 0
 45 119  82 0
 46 118  82 0
 47 118  82 0
 48 119  83 0
 49 120  84 0
 50 119  83 0
 51 120  84 0
 52 121  85 0
 53 120  85 0
 54 121  85 0
 55 121  86 0
 56 120  86 0
 57 121  86 0
 58 121  87 0
 59 122  87 0
 60 121  87 0
 61 122  88 0
 62 122  88 0
 63 122  89 0
 64 122  89 0
 65 122  89 0
 66 122  90 0
 67 122  90 0
 68 122  90 0
 69 123  91 0
 70 122  91 0
 70 123  91 0
 71 122  91 0
 72 122  91 0
 72 122  92 0
 73 121  92 0
 74 122  92 0
 75 122  93 0
 76 122  93 0
 77 122  93 0
 78 122  93 0
 79 121  93 0
 80 122  94 0
 81 121  94 0
 82 121  95 0
 83 120  94 0
 84 121  95 0
 85 120  95 0
 86 120  95 0
 87 120  96 0
 88 120  96 0
 88 119  95 0
 89 119  96 0
 90 120  97 0
 91 119  96 0
 92 119  97 0
 93 118  97 0
 94 119  98 0
 95 118  98 0
 96 118  98 0
 97 117  98 0
 98 117  98 0
 99 116  98 0
100 116  98 0
101 115  98 0
102 115  99 0
103 113  99 0
104 113  99 0
105 112  99 0
105 112  99 0
105 111  99 0
106 111  99 0
107 111 100 0
107 110  99 0
108 110 100 0
109 110 100 0
110 109 100 0
110 108  99 0
111 107  99 0
111 106  99 0
111 105  99 0
111 104  98 0
112 103  98 0
112 102  98 0
113 101  98 0
113 100  98 0
114  99  98 0
114  98  97 0
114  97  97 0
115  96  97 0
115  95  96 0
115  94  96 0
115  93  96 0
115  92  95 0
115  91  95 0
116  90  95 0
116  89  94 0
116  88  94 0
116  88  94 0
116  87  93 0
116  86  93 0
116  85  92 0
117  84  93 0
116  83  92 0
116  82  91 0
116  81  91 0
116  80  91 0
115  79  90 0
114  78  89 0
114  77  89 0
113  77  88 0
113  76  88 0
112  75  87 0
111  74  86 0
111  73  86 0
110  73  85 0
110  72  85 0
109  71  84 0
108  70  83 0
108  69  83 0
107  68  82 0
106  68  81 0
106  67  81 0
106  66  80 0
105  65  79 0
104  64  79 0
103  64  78 0
102  63  77 0
101  62  76 0
100  61  76 0
 99  60  75 0
 98  60  74 0
 97  59  73 0
 96  58  73 0
 96  57  72 0
 95  56  71 0
 94  56  71 0
 93  55  70 0
 93  54  69 0
 92  53  68 0
 91  53  68 0
 90  52  67 0
 89  51  66 0
 88  50  65 0
 87  49  65 0
 86  49  64 0
 85  48  63 0
 84  47  62 0
 83  46  61 0
 82  46  61 0
 81  45  60 0
 80  45  59 0
 79  44  59 0
 79  43  58 0
 78  43  57 0
 77  42  56 0
 76  41  56 0
 75  40  55 0
 74  41  54 0
 73  40  54 0
 72  39  53 0
 71  38  52 0
 70  38  51 0
 69  37  51 0
 68  36  50 0
 67  36  49 0
 66  35  49 0
 65  35  48 0
 65  34  47 0
 64  34  47 0
 63  33  46 0
 62  33  45 0
 61  32  44 0
 60  32  44 0
 59  31  43 0
 58  30  42 0
 57  30  41 0
 56  29  41 0
 55  28  40 0
 54  27  39 0
 53  27  38 0
 53  28  39 0
 53  28  39 0
 52  28  38 0
 51  27  37 0
 52  27  38 0
 51  26  37 0
 52  26  38 0
 53  25  38 0
 54  25  39 0
 55  25  39 0
 56  26  40 0
 57  27  41 0
 58  26  41 0
 59  27  42 0
 60  27  42 0
 61  28  43 0
 62  28  44 0
 63  27  44 0
 64  28  45 0
 65  27  45 0
 65  28  46 0
 66  29  47 0
 67  27  47 0
 68  28  48 0
 69  28  48 0
 70  29  49 0
 71  27  49 0
 72  28  50 0
 73  27  50 0
 74  28  51 0
 75  29  52 0
 76  27  52 0
 77  28  53 0
 78  28  53 0
 79  28  54 0
 80  27  54 0
 80  28  55 0
 81  27  55 0
 82  28  56 0
 83  27  56 0
 84  27  57 0
 85  27  58 0
 86  27  58 0
 87  27  59 0
 88  26  59 0
 89  26  60 0
 90  26  60 0
 91  26  61 0
 92  26  61 0
 93  25  62 0
 94  25  62 0
 94  25  63 0
 95  24  63 0
 96  24  64 0
 97  23  64 0
 98  24  65 0
 99  23  66 0
100  22  66 0
101  21  67 0
102  22  67 0
103  21  68 0
104  20  68 0
105  19  69 0
106  20  69 0
107  19  70 0
107  18  70 0
108  17  71 0
109  17  71 0
110  16  72 0
111  16  72 0
112  15  73 0
113  14  73 0
114  14  74 0
115  13  75 0
116  12  75 0
117  12  76 0
118  10  76 0
118   9  77 0
119   9  77 0
120   7  78 0
121   7  78 0
122   6  79 0
123   5  79 0
124   4  80 0
125   3  81 0
126   2  81 0
127   1  82 0
128  -0  82 0
128  -1  83 0
129  -3  83 0
130  -4  84 0
131  -5  85 0
132  -7  85 0
133  -8  86 0
133  -9  86 0
134 -11  87 0
135 -12  87 0
135 -13  87 0
135 -15  88 0
135 -16  88 0
136 -17  89 0
136 -18  89 0
136 -20  89 0
137 -21  89 0
137 -22  90 0
137 -23  90 0
138 -25  90 0
137 -26  90 0
138 -27  91 0
137 -28  90 0
136 -29  90 0
135 -30  89 0
134 -31  89 0
134 -32  89 0
133 -33  88 0
134 -34  89 0
135 -36  90 0
135 -37  90 0
135 -38  91 0
135 -40  91 0
135 -41  91 0
135 -42  91 0
136 -43  92 0
137 -45  93 0
137 -46  93 0
138 -48  94 0
138 -49  94 0
138 -50  95 0
138 -51  95 0
139 -53  96 0
139 -54  96 0
139 -55  97 0
140 -57  97 0
140 -58  98 0
140 -59  98 0
139 -60  98 0
139 -62  98 0
139 -63  98 0
138 -64  98 0
138 -65  98 0
137 -66  98 0
137 -67  98 0
136 -68  98 0
135 -69  98 0
134 -70  97 0
133 -70  97 0
132 -70  96 0
131 -70  96 0
130 -69  95 0
129 -70  95 0
128 -69  94 0
127 -70  94 0
126 -70  93 0
125 -69  92 0
124 -69  92 0
123 -69  91 0
123 -70  91 0
122 -70  91 0
121 -70  90 0
120 -69  90 0
120 -69  89 0
119 -70  89 0
118 -70  88 0
117 -70  88 0
116 -71  87 0
115 -70  87 0
114 -70  86 0
113 -70  86 0
112 -71  85 0
111 -71  85 0
110 -70  84 0
109 -72  84 0
108 -71  84 0
107 -71  83 0
106 -71  82 0
105 -70  82 0
104 -72  82 0
103 -71  81 0
102 -71  80 0
102 -71  80 0
101 -71  79 0
100 -70  79 0
 99 -70  78 0
 98 -70  78 0
 97 -71  77 0
 96 -71  77 0
 95 -70  76 0
 94 -70  76 0
 93 -70  75 0
 92 -70  75 0
 91 -69  74 0
 90 -69  73 0
 89 -69  73 0
 88 -69  72 0
 88 -68  72 0
 87 -68  71 0
 86 -68  71 0
 85 -66  69 0
 84 -66  69 0
 83 -66  68 0
 82 -66  68 0
 81 -65  67 0
 80 -64  66 0
 79 -64  66 0
 78 -63  65 0
 78 -63  64 0
 77 -63  64 0
 76 -61  63 0
 75 -61  62 0
 74 -61  62 0
 73 -59  61 0
 72 -59  60 0
 71 -57  59 0
 70 -57  58 0
 69 -57  58 0
 69 -55  57 0
 68 -55  56 0
 67 -53  55 0
 66 -53  55 0
 65 -52  54 0
 64 -50  53 0
 63 -50  52 0
 63 -48  51 0
 62 -48  50 0
 61 -46  49 0
 60 -45  48 0
 59 -44  48 0
 58 -43  47 0
 57 -43  46 0
 56 -41  45 0
 56 -39  44 0
 55 -38  43 0
 54 -38  42 0
 53 -36  41 0
 52 -34  40 0
 51 -34  40 0
 50 -33  39 0
 50 -31  38 0
 49 -31  37 0
 48 -29  36 0
 47 -29  36 0
 46 -27  35 0
 45 -27  34 0
 44 -26  33 0
 43 -25  32 0
 43 -24  31 0
 42 -24  31 0
 41 -22  30 0
 40 -22  29 0
 39 -21  29 0
 38 -20  28 0
 37 -20  27 0
 36 -19  27 0
 35 -18  26 0
 35 -18  25 0
 34 -17  24 0
 33 -16  23 0
 32 -16  23 0
 31 -15  22 0
 30 -15  22 0
 29 -15  21 0
 28 -15  20 0
 27 -16  20 0
 26 -17  20 0
 25 -18  20 0
 24 -19  20 0
 23 -20  20 0
 23 -21  20 0
 24 -23  21 0
 25 -23  22 0
 26 -25  23 0
 27 -24  23 0
 28 -24  23 0
 28 -24  24 0
 29 -24  25 0
 30 -24  25 0
 31 -25  26 0
 32 -25  26 0
 33 -25  27 0
 34 -27  28 0
 35 -26  28 0
 36 -27  29 0
 37 -29  30 0
 38 -29  31 0
 38 -31  32 0
 39 -32  33 0
 39 -34  33 0
 39 -35  34 0
 40 -37  35 0
 40 -38  35 0
 40 -39  36 0
 39 -41  37 0
 39 -42  37 0
 39 -44  38 0
 39 -45  38 0
 38 -46  39 0
 39 -48  40 0
 38 -49  40 0
 38 -51  41 0
 37 -52  41 0
 37 -54  42 0
 37 -55  43 0
 37 -57  44 0
 37 -58  44 0
 37 -59  45 0
 37 -61  46 0
 36 -62  46 0
 35 -64  47 0
 35 -65  48 0
 35 -67  49 0
 34 -68  49 0
 34 -70  50 0
 34 -71  51 0
 33 -73  51 0
 32 -74  52 0
 31 -76  53 0
 31 -77  54 0
 31 -79  55 0
 30 -80  55 0
 30 -82  56 0
 29 -83  57 0
 29 -85  58 0
 29 -86  59 0
 28 -88  59 0
 28 -89  60 0
 27 -91  61 0
 27 -92  62 0
 26 -94  63 0
 25 -96  64 0
 25 -97  65 0
 24 -99  65 0
 23 -100  66 0
 23 -102  67 0
 22 -103  68 0
 21 -105  69 0
 21 -106  70 0
 20 -108  71 0
 20 -110  72 0
 19 -111  73 0
 18 -113  74 0
 17 -114  75 0
 17 -116  76 0
 16 -118  77 0
 15 -119  77 0
 13 -121  78 0
 12 -122  79 0
 11 -124  80 0
 10 -124  80 0
  9 -126  81 0
  8 -127  82 0
  7 -129  83 0
  5 -131  84 0
  4 -132  85 0
  3 -134  86 0
  2 -134  86 0
  1 -136  87 0
 -0 -136  88 0
 -1 -136  88 0
 -3 -137  89 0
 -4 -137  89 0
 -5 -138  89 0
 -6 -138  89 0
 -7 -139  90 0
 -8 -139  90 0
 -9 -141  91 0
-10 -141  91 0
-11 -143  92 0
-12 -143  93 0
-13 -145  94 0
-15 -146  95 0
-16 -148  96 0
-17 -150  97 0
-18 -150  97 0
-19 -150  98 0
-20 -150  98 0
-21 -150  98 0
-22 -150  98 0
-23 -150  98 0
-24 -151  98 0
-25 -149  98 0
-26 -148  97 0
-27 -148  97 0
-28 -146  96 0
-29 -146  96 0
-30 -145  95 0
-31 -145  96 0
-32 -145  96 0
-33 -144  95 0
-34 -142  94 0
-35 -141  94 0
-35 -139  93 0
-36 -138  92 0
-37 -136  91 0
-38 -137  91 0
-39 -135  91 0
-40 -135  91 0
-41 -134  90 0
-42 -132  90 0
-43 -133  90 0
-44 -131  89 0
-45 -130  89 0
-46 -128  88 0
-46 -127  87 0
-47 -127  88 0
-48 -126  87 0
-48 -124  86 0
-49 -123  85 0
-50 -122  85 0
-51 -120  84 0
-52 -119  84 0
-53 -117  83 0
-54 -116  82 0
-54 -115  82 0
-55 -113  81 0
-55 -112  80 0
-56 -110  80 0
-57 -109  79 0
-57 -108  78 0
-58 -106  78 0
-59 -105  78 0
-60 -104  77 0
-60 -102  77 0
-60 -101  76 0
-61 -100  75 0
-62 -98  75 0
-62 -97  74 0
-63 -96  74 0
-64 -94  73 0
-64 -93  73 0
-65 -91  72 0
-64 -90  71 0
-65 -89  71 0
-65 -87  70 0
-66 -86  70 0
-66 -84  69 0
-67 -83  69 0
-68 -82  69 0
-68 -81  68 0
-69 -79  68 0
-67 -78  66 0
-68 -76  66 0
-68 -75  65 0
-69 -74  65 0
-68 -72  64 0
-69 -71  64 0
-68 -69  62 0
-69 -68  62 0
-67 -66  61 0
-68 -65  61 0
-67 -63  59 0
-67 -62  59 0
-66 -60  57 0
-67 -59  57 0
-65 -57  56 0
-66 -56  56 0
-65 -54  55 0
-64 -52  53 0
-63 -51  52 0
-64 -49  52 0
-62 -48  51 0
-61 -46  49 0
-60 -44  48 0
-59 -42  47 0
-58 -41  45 0
-56 -39  44 0
-55 -37  43 0
-54 -35  41 0
-53 -33  40 0
-51 -32  39 0
-50 -30  38 0
-49 -28  36 0
-48 -26  35 0
-47 -25  34 0
-45 -23  33 0
-44 -22  32 0
-43 -21  31 0
-42 -19  30 0
-41 -20  29 0
-41 -19  29 0
-39 -17  28 0
-38 -16  27 0
-37 -15  26 0
-38 -14  26 0
-39 -13  27 0
-40 -13  27 0
-41 -13  28 0
-42 -13  29 0
-44 -13  29 0
-45 -13  30 0
-46 -13  31 0
-47 -13  31 0
-48 -13  32 0
-49 -13  33 0
-50 -13  33 0
-51 -13  34 0
-52 -13  35 0
-53 -13  36 0
-54 -13  36 0
-56 -13  37 0
-57 -13  38 0
-58 -13  38 0
-59 -13  39 0
-60 -13  40 0
-61 -14  40 0
-62 -13  41 0
-63 -13  42 0
-64 -14  43 0
-66 -14  43 0
-67 -15  44 0
-68 -14  45 0
-69 -15  46 0
-70 -15  46 0
-71 -15  47 0
-72 -15  48 0
-73 -16  48 0
-74 -15  49 0
-76 -15  50 0
-77 -16  50 0
-78 -16  51 0
-79 -17  52 0
-80 -17  53 0
-81 -17  54 0
-82 -17  54 0
-83 -17  55 0
-84 -17  56 0
-86 -18  56 0
-87 -18  57 0
-88 -19  58 0
-89 -19  59 0
-90 -19  59 0
-91 -20  60 0
-92 -19  61 0
-93 -19  61 0
-94 -20  62 0
-96 -20  63 0
-97 -21  64 0
-98 -21  65 0
-99 -21  65 0
-100 -21  66 0
-101 -21  67 0
-102 -21  67 0
-103 -22  68 0
-104 -22  69 0
-106 -23  70 0
-107 -23  70 0
-108 -22  71 0
-109 -23  72 0
-110 -23  72 0
-111 -24  73 0
-112 -24  74 0
-113 -23  75 0
-114 -24  75 0
-116 -24  76 0
-117 -24  77 0
-118 -24  77 0
-119 -24  78 0
-120 -24  79 0
-121 -25  80 0
-122 -24  80 0
-123 -24  81 0
-124 -25  82 0
-125 -25  83 0
-127 -24  83 0
-128 -25  84 0
-129 -24  84 0
-130 -24  85 0
-131 -24  86 0
-132 -24  87 0
-133 -23  87 0
-134 -22  88 0
-135 -23  88 0
-136 -22  89 0
-137 -21  90 0
-138 -20  90 0
-140 -21  91 0
-141 -20  92 0
-142 -19  92 0
-143 -18  93 0
-144 -18  93 0
-145 -17  94 0
-146 -16  95 0
-147 -15  95 0
-148 -15  96 0
-149 -14  97 0
-150 -13  97 0
-151 -12  98 0
-151 -11  98 0
-152 -10  98 0
-152  -9  98 0
-153  -8  99 0
-152  -7  98 0
-153  -6  99 0
-154  -5 100 0
-153  -4  99 0
-154  -3 100 0
-155  -2 100 0
-154  -1  99 0
-155  -0 100 0
-155   1 100 0
-155   2 100 0
-155   3 100 0
-155   4 100 0
-154   6  99 0
-155   7 100 0
-154   8  99 0
-154   9  99 0
-154  10  99 0
-154  11  99 0
-154  12 100 0
-153  14  99 0
-153  15  99 0
-152  16  98 0
-153  17  99 0
-151  19  98 0
-151  20  98 0
-150  21  98 0
-149  22  97 0
-148  24  97 0
-147  25  96 0
-146  27  96 0
-146  28  96 0
-145  29  95 0
-144  31  95 0
-142  32  94 0
-141  33  94 0
-140  35  93 0
-139  36  93 0
-138  38  92 0
-137  39  92 0
-136  40  91 0
-135  42  91 0
-134  43  90 0
-132  44  90 0
-131  46  90 0
-130  47  89 0
-129  46  89 0
-128  48  88 0
-127  49  88 0
-126  50  87 0
-125  52  87 0
-124  53  87 0
-123  54  86 0
-122  54  86 0
-120  56  86 0
-119  57  85 0
-118  57  85 0
-117  59  85 0
-116  59  84 0
-116  60  84 0
-115  60  84 0
-114  61  84 0
-113  62  83 0
-112  63  83 0
-111  64  83 0
-110  65  82 0
-109  66  82 0
-107  66  81 0
-106  66  81 0
-105  68  81 0
-104  67  80 0
-105  67  80 0
-103  67  79 0
-103  68  80 0
-102  67  79 0
-102  68  79 0
-101  68  78 0
-101  69  79 0
-100  68  78 0
-99  69  78 0
-98  68  77 0
-97  68  76 0
-96  68  76 0
-94  68  75 0
-93  68  74 0
-92  68  74 0
-91  67  73 0
-90  67  73 0
-89  67  72 0
-88  66  71 0
-87  66  71 0
-86  66  70 0
-85  65  69 0
-84  64  68 0
-82  64  67 0
-81  63  66 0
-80  63  66 0
-79  63  65 0
-78  64  65 0
-78  65  65 0
-78  66  66 0
-79  66  67 0
-79  67  67 0
-80  68  68 0
-79  69  68 0
-80  70  69 0
-82  70  70 0
-82  71  70 0
-83  72  71 0
-82  73  71 0
-83  74  72 0
-84  74  72 0
-83  76  72 0
-84  76  73 0
-84  77  74 0
-85  78  74 0
-84  79  74 0
-85  80  75 0
-85  81  76 0
-86  81  76 0
-85  82  76 0
-86  83  77 0
-86  84  78 0
-86  85  78 0
-87  86  79 0
-86  87  79 0
-87  87  80 0
-86  89  80 0
-88  89  81 0
-88  90  81 0
-88  91  81 0
-88  92  82 0
-89  93  83 0
-88  94  83 0
-89  94  84 0
-88  96  84 0
-89  96  84 0
-88  97  85 0
-89  98  85 0
-89  99  86 0
-89 100  86 0
-90 101  87 0
-89 102  87 0
-90 102  88 0
-89 103  88 0
-90 104  89 0
-89 105  89 0
-90 106  90 0
-90 107  90 0
-91 107  91 0
-90 109  91 0
-91 109  92 0
-90 110  92 0
-91 111  93 0
-90 112  93 0
-90 113  93 0
-89 114  94 0
-91 115  94 0
-90 116  94 0
-88 117  95 0
-87 118  95 0
-86 119  95 0
-85 120  95 0
-85 121  96 0
-84 122  96 0
-84 123  96 0
-83 124  96 0
-84 125  97 0
-82 126  97 0
-81 127  97 0
-80 126  97 0
-79 127  97 0
-78 127  96 0
-77 128  96 0
-76 129  96 0
-75 130  97 0
-74 129  96 0
-73 130  96 0
-72 131  96 0
-71 130  96 0
-70 131  96 0
-69 132  96 0
-68 132  96 0
-67 133  96 0
-66 134  96 0
-65 133  95 0
-64 134  96 0
-63 135  96 0
-62 135  96 0
-61 136  96 0
-60 135  95 0
-59 136  96 0
-58 137  96 0
-57 136  95 0
-56 137  96 0
-55 137  95 0
-55 138  96 0
-54 138  95 0
-53 139  96 0
-52 138  95 0
-51 139  95 0
-50 139  95 0
-49 139  95 0
-48 139  95 0
-47 140  95 0
-45 139  95 0
-44 140  95 0
-43 141  95 0
-42 141  95 0
-41 142  95 0
-40 141  94 0
-39 142  95 0
-38 141  94 0
-38 142  95 0
-37 142  95 0
-36 142  95 0
-35 143  95 0
-34 142  94 0
-33 143  95 0
-32 142  94 0
-31 143  95 0
-30 143  94 0
-29 144  95 0
-28 143  94 0
-28 144  95 0
-27 144  95 0
-26 144  94 0
-25 144  94 0
-24 143  93 0
-23 142  93 0
-22 142  93 0
-21 141  92 0
-20 141  92 0
-19 141  92 0
-18 140  91 0
-17 139  90 0
-16 138  90 0
-15 138  89 0
-13 137  89 0
-12 136  88 0
-11 135  87 0
-10 134  87 0
-10 133  86 0
-10 133  86 0
 -9 132  85 0
 -9 131  85 0
 -8 130  84 0
 -8 129  84 0
 -8 128  83 0
 -7 128  82 0
 -7 127  82 0
 -7 126  81 0
 -6 125  81 0
 -6 124  80 0
 -6 123  80 0
 -5 123  79 0
 -5 122  79 0
 -5 121  78 0
 -3 120  78 0
 -3 119  77 0
 -3 118  76 0
 -2 118  76 0
 -2 117  75 0
 -2 116  75 0
 -2 115  74 0
 -1 114  74 0
 -1 113  73 0
 -1 113  73 0
 -1 112  72 0
  0 111  72 0
  0 110  71 0
  0 109  70 0
  0 108  70 0
  1 108  69 0
  1 107  69 0
  1 106  68 0
  1 105  68 0
  1 104  67 0
  1 103  67 0
  2 103  66 0
  3 102  66 0
  3 101  65 0
  3 100  65 0
  3  99  64 0
  3  98  63 0
  3  97  63 0
  3  97  62 0
  3  96  62 0
  3  95  61 0
  3  94  61 0
  3  93  60 0
  3  92  60 0
  3  92  59 0
  3  91  59 0
  3  90  58 0
  3  89  57 0
  3  88  57 0
  3  87  56 0
  3  86  56 0
  3  86  55 0
  3  85  55 0
  4  84  54 0
  4  83  54 0
  4  82  53 0
  5  81  53 0
  4  81  52 0
  5  80  52 0
  4  79  51 0
  4  78  50 0
  5  78  50 0
  5  77  50 0
  5  76  49 0
  4  77  50 0
  4  75  49 0
  4  75  48 0
  4  74  48 0
  4  73  47 0
  4  72  47 0
  4  71  46 0
  4  70  45 0
  4  70  45 0
  4  69  44 0
  4  68  44 0
  4  67  43 0
  4  66  43 0
  5  65  42 0
  5  64  42 0
  5  64  41 0
  4  63  41 0
  4  62  40 0
  4  61  39 0
  4  60  39 0
  4  59  38 0
  4  59  38 0
  4  58  37 0
  4  57  37 0
  4  56  36 0
  4  55  36 0
  3  54  35 0
  3  53  35 0
  3  53  34 0
  3  52  33 0
  3  51  33 0
  3  50  32 0
  3  49  32 0
  3  48  31 0
  3  47  31 0
  3  47  30 0
  3  46  30 0
  3  45  29 0
  3  44  28 0
  3  43  28 0
  3  42  27 0
  3  42  27 0
  3  41  26 0
  2  40  26 0
  2  39  25 0
  2  38  25 0
  2  37  24 0
  2  36  24 0
  2  36  23 0
  2  35  22 0
  2  34  22 0
  2  33  21 0
  1  34  22 0
  1  32  21 0
  1  31  20 0
  1  31  20 0
  1  30  19 0
